((((6/x) * (0.5 * (((2 + x) / x) ^ 0.5 ))) * ((ln(((((2 + x) ^ 0.5) + ( x ^ 0.5))/(((2 + x) ^ 0.5 ) - (x ^ 0.5))) - 1)) * 0.181)) - y)
6
0
10
1.16957
1.169018
1.168465
1.167913
1.167361
1.166808
1.166256
1.165703
1.165151
1.164598
1.164046
1.163493
1.162941
1.162388
1.161836
1.161283
1.160731
1.160178
1.159626
1.159073
1.158521
1.157968
1.157416
1.156863
1.156311
1.155758
1.155206
1.154653
1.154101
1.153548
1.152996
1.152443
1.151891
1.151338
1.150786
1.150233
1.149681
1.149128
1.148576
1.148023
1.147471
1.146919
1.146366
1.145813
1.145261
1.144709
1.144156
1.143604
1.143051
1.142499
1.141946
1.141394
1.140841
1.140289
1.139736
1.139184
1.138631
1.138079
1.137526
1.136974
1.136421
1.135869
1.135316
1.134764
1.134211
1.133659
1.133106
1.132554
1.132001
1.131449
1.130896
1.130344
1.129791
1.129239
1.128686
1.128134
1.127581
1.127029
1.126477
1.125924
1.125371
1.124819
1.124267
1.123714
1.123162
1.122609
1.122057
1.121504
1.120952
1.120399
1.119847
1.119294
1.118742
1.118189
1.117637
1.117084
1.116532
1.115979
1.115427
1.114874
1.114322
1.113769
1.113217
1.112664
1.112112

