((((6/x) * (0.5 * (((2 + x) / x) ^ 0.5 ))) * ((ln(((((2 + x) ^ 0.5) + ( x ^ 0.5))/(((2 + x) ^ 0.5 ) - (x ^ 0.5))) - 1)) * 0.181)) - y)
6
0
10
1.111559
1.111007
1.110454
1.109902
1.109349
1.108797
1.108244
1.107692
1.107139
1.106587
1.106034
1.105482
1.104929
1.104377
1.103824
1.103272
1.10272
1.102167
1.101615
1.101062
1.10051
1.099957
1.099405
1.098852
1.0983
1.097747
1.097195
1.096642
1.09609
1.095537
1.094985
1.094432
1.09388
1.093327
1.092775
1.092222
1.09167
1.091117
1.090565
1.090012
1.08946
1.088907
1.088355
1.087802
1.08725
1.086697
1.086145
1.085592
1.08504
1.084487
1.083935
1.083382
1.08283
1.082278
1.081725
1.081172
1.08062
1.080068
1.079515
1.078963
1.07841
1.077858
1.077305
1.076753
1.0762
1.075648
1.075095
1.074543
1.07399
1.073438
1.072885
1.072333
1.07178
1.071228
1.070675
1.070123
1.06957
1.069018
1.068465
1.067913
1.06736
1.066808
1.066255
1.065703
1.06515
1.064598
1.064045
1.063493
1.06294
1.062388
1.061835
1.061283
1.06073
1.060178
1.059626
1.059073
1.058521
1.057968
1.057416
1.056863
1.056311
1.055758
1.055206
1.054653
1.054101
1.053548
1.052996
1.052443
1.051891
1.051338
1.050786
1.050233
1.049681
1.049128
1.048576
1.048023
1.047471
1.046918
1.046366
1.045813
1.045261
1.044708
1.044156
1.043603
1.043051
1.042498
1.041946
1.041393
1.040841
1.040288
1.039736
1.039183
1.038631
1.038079
1.037526
1.036973
1.036421
1.035869
1.035316
1.034764
1.034211
1.033659
1.033106
1.032554
1.032001
1.031449
1.030896
1.030344
1.029791
1.029239
1.028686
1.028134
1.027581
1.027029
1.026476
1.025924
1.025371
1.024819
1.024266
1.023714
1.023161
1.022609
1.022056
1.021504
1.020951
1.020399
1.019846
1.019294
1.018741
1.018189
1.017636
1.017084
1.016531
1.015979
1.015427
1.014874
1.014322
1.013769
1.013217
1.012664
1.012112
1.011559
1.011007
1.010454
1.009902
1.009349
1.008797
1.008244
1.007692
1.007139
1.006587
1.006034
1.005482
1.004929
1.004377
1.003824
1.003272
1.002719
1.002167
1.001614
1.001062
1.000509
0.9999569
0.9994044
0.9988519
0.9982994
0.9977469
0.9971945
0.9966419
0.9960895
0.995537
0.9949845
0.994432
0.9938795
0.993327
0.9927745
0.9922221
0.9916696
0.9911171
0.9905646
0.9900121
0.9894596
0.9889072
0.9883546
0.9878021
0.9872497
0.9866972
0.9861447
0.9855922
0.9850397
0.9844872
0.9839348
0.9833823
0.9828297
0.9822773
0.9817248
0.9811723
0.9806198
0.9800673
0.9795148
0.9789624
0.9784099
0.9778574
0.9773049
0.9767524
0.9761999
0.9756474
0.975095
0.9745425
0.97399
0.9734375
0.972885
0.9723325
0.9717801
0.9712275
0.9706751
0.9701226
0.9695701
0.9690176
0.9684651
0.9679126
0.9673601
0.9668077
0.9662552
0.9657027
0.9651502
0.9645977
0.9640452
0.9634928
0.9629402
0.9623877
0.9618353
0.9612828
0.9607303
0.9601778
0.9596253
0.9590728
0.9585204
0.9579679
0.9574153
0.9568629
0.9563104
0.9557579
0.9552054
0.9546529
0.9541004
0.953548
0.9529955
0.952443
0.9518905
0.951338
0.9507855
0.950233
0.9496806
0.949128
0.9485756
0.9480231
0.9474706
0.9469181
0.9463656
0.9458131
0.9452606
0.9447082
0.9441557
0.9436032
0.9430507
0.9424982
0.9419457
0.9413933
0.9408407
0.9402882
0.9397358
0.9391833
0.9386308
0.9380783
0.9375258
0.9369733
0.9364209
0.9358684
0.9353158
0.9347634
0.9342109
0.9336584
0.9331059
0.9325534
0.9320009
0.9314485
0.930896
0.9303435
0.929791
0.9292385
0.928686
0.9281335
0.9275811
0.9270285
0.9264761
0.9259236
0.9253711
0.9248186
0.9242661
0.9237136
0.9231611
0.9226087
0.9220562
0.9215037
0.9209512
0.9203987
0.9198462
0.9192938
0.9187412
0.9181888
0.9176363
0.9170838
0.9165313
0.9159788
0.9154263
0.9148738
0.9143214
0.9137689
0.9132164
0.9126639
0.9121114
0.9115589
0.9110065
0.910454
0.9099014
0.909349
0.9087965
0.908244
0.9076915
0.907139
0.9065865
0.9060341
0.9054816
0.9049291
0.9043766
0.9038241
0.9032716
0.9027191
0.9021667
0.9016141
0.9010617
0.9005092
0.8999567
0.8994042
0.8988517
0.8982992
0.8977467
0.8971943
0.8966418
0.8960893
0.8955368
0.8949843
0.8944318
0.8938794
0.8933268
0.8927743
0.8922219
0.8916694
0.8911169
0.8905644
0.8900119
0.8894594
0.888907
0.8883545
0.8878019
0.8872495
0.886697
0.8861445
0.885592
0.8850395
0.884487
0.8839346
0.8833821
0.8828296
0.8822771
0.8817246
0.8811721
0.8806196
0.8800672
0.8795146
0.8789622
0.8784097
0.8778572
0.8773047
0.8767522
0.8761997
0.8756472
0.8750948
0.8745423
0.8739898
0.8734373
0.8728848
0.8723323
0.8717799
0.8712273
0.8706748
0.8701224
0.8695699
0.8690174
0.8684649
0.8679124
0.8673599
0.8668075
0.866255
0.8657025
0.86515
0.8645975
0.864045
0.8634925
0.86294
0.8623875
0.8618351
0.8612826
0.8607301
0.8601776
0.8596251
0.8590726
0.8585202
0.8579677
0.8574151
0.8568627
0.8563102
0.8557577
0.8552052
0.8546527
0.8541002
0.8535478
0.8529953
0.8524428
0.8518903
0.8513378
0.8507853
0.8502328
0.8496804
0.8491279
0.8485754
0.8480229
0.8474704
0.8469179
0.8463655
0.8458129
0.8452604
0.844708
0.8441555
0.843603
0.8430505
0.842498
0.8419455
0.8413931
0.8408406
0.840288
0.8397356
0.8391831
0.8386306
0.8380781
0.8375256
0.8369731
0.8364207
0.8358682
0.8353157
0.8347632
0.8342107
0.8336582
0.8331057
0.8325533
0.8320007
0.8314483
0.8308958
0.8303433
0.8297908
0.8292383
0.8286858
0.8281333
0.8275809
0.8270284
0.8264759
0.8259234
0.8253709
0.8248184
0.824266
0.8237134
0.8231609
0.8226085
0.822056
0.8215035
0.820951
0.8203985
0.819846
0.8192936
0.8187411
0.8181885
0.8176361
0.8170836
0.8165311
0.8159786
0.8154261
0.8148736
0.8143212
0.8137687
0.8132162
0.8126637
0.8121112
0.8115587
0.8110062
0.8104538
0.8099012
0.8093488
0.8087963
0.8082438
0.8076913
0.8071388
0.8065863
0.8060338
0.8054814
0.8049289
0.8043764
0.8038239
0.8032714
0.8027189
0.8021665
0.8016139
0.8010615
0.800509
0.7999565
0.799404
0.7988515
0.798299
0.7977465
0.7971941
0.7966416
0.7960891
0.7955366
0.7949841
0.7944316
0.7938792
0.7933266
0.7927741
0.7922217
0.7916692
0.7911167
0.7905642
0.7900117
0.7894592
0.7889068
0.7883543
0.7878017
0.7872493
0.7866968
0.7861443
0.7855918
0.7850394
0.7844868
0.7839344
0.7833819
0.7828294
0.7822769
0.7817244
0.7811719
0.7806194
0.780067
0.7795145
0.778962
0.7784095
0.777857
0.7773045
0.7767521
0.7761995
0.775647
0.7750946
0.7745421
0.7739896
0.7734371
0.7728846
0.7723321
0.7717797
0.7712272
0.7706746
0.7701222
0.7695697
0.7690172
0.7684647
0.7679122
0.7673597
0.7668073
0.7662548
0.7657023
0.7651498
0.7645973
0.7640448
0.7634923
0.7629399
0.7623873
0.7618349
0.7612824
0.7607299
0.7601774
0.7596249
0.8713459
0.4441077
0.4292265
0.4148438
0.4004418
0.7891713
0.3707525
0.3560889
0.3420053
0.7219518
0.7056128
0.2982403
0.2835613
0.6561508
0.639715
0.2402367
0.2255093
0.5899524
0.9259488
0.5569822
0.5403379
0.8702792
0.8516349
0.8328754
0.8155357
0.7970787
0.7780761
1.075468
0.74115
0.722585
0.7044851
0.9950336
0.9761217
0.6502731
0.9365378
0.916474
0.8979477
0.878168
0.5611398
0.8393601
0.8198567
0.8003111
0.4891452
0.7612264
1.01538
0.9948547
0.7042313
0.6848891
0.9334205
0.9134235
0.8927511
0.6092983
0.8524895
0.8321659
0.8118239
0.7914887
0.7716628
0.7532662
0.974722
0.9538403
0.694218
0.6743118
0.8904835
0.8697921
0.6157027
0.8287109
1.029783
1.007722
0.7675332
0.7473798
0.7277556
0.7077672
0.6874725
0.6677597
0.6486121
0.6292297
0.8187822
0.5904787
0.5706928
0.7570944
0.7381301
0.7169647
0.4953901
0.6775512
0.6589417
0.8303695
0.6194068
0.6001486
0.769336
0.9295048
0.7287399
0.5237818
0.6891644
0.845135
0.8244759
0.629458
0.6098873
0.5901881
0.7430159
0.7226084
0.5324739
0.6819397
0.6615614
0.6425917
0.4564268
0.6021969
0.7406684
0.7203252
0.6996704
0.6796077
0.810419
0.7891395
0.7684187
0.5996612
0.7266793
0.848987
0.8272079
0.8054876
0.7843376
0.763743
0.8775213
0.8560707
0.7016864
0.6807179
0.7919993
0.7712036
0.6204743
0.7294057
0.8345427
0.813134
0.7917833
0.7700363
0.8689322
0.8476914
0.9422185
0.8047503
0.7826472
0.9872035
0.9654578
0.8333496
0.8119716
0.8995718
0.8786693
0.8571906
0.7290201
0.8147191
0.7933269
0.7724962
0.751279
0.7315523
0.7105755
0.7906714
0.770866
0.6509452
0.7298262
0.8050361
0.7838979
0.6685811
0.647794
0.7223789
0.7025382
0.6815444
0.6620016
0.7326221
0.7116147
0.6912096
0.6705543
0.6513267
0.71766
0.6970816
0.6770932
0.657678
0.7206841
0.700019
0.6799464
0.6596277
0.6399162
0.7004474
0.6803625
0.5810987
0.5623294
0.6216376
0.6015589
0.5821286
0.5809136
0.6442879
0.5970045
0.6808927
0.5650944
0.5673294
0.6045396
0.5893967
0.5610996
0.5450104
0.593271
0.5913156
0.5765039
0.5467356
0.5403085
0.6554076
0.6255255
0.5508931
0.598343
0.6361411
0.6263568
0.6068826
0.577746
0.5751436
0.5996603
0.6005826
0.5673937
0.5627809
0.6003729
0.6295927
0.6062135
0.5888308
0.590448
0.6170441
0.6604977
0.586482
0.6121907
0.6612213
0.6997952
0.6315241
0.6111261
0.6401307
0.6852103
0.6001445
0.5858368
0.6185971
0.5971214
0.6420586
0.6174406
0.6064515
0.6418303
0.6730679
0.6049641
0.5832306
0.6073871
0.6362143
0.6271976
0.6076972
0.5954127
0.6272693
0.6502175
0.6339304
0.572085
0.6109898
0.6348193
0.5713528
0.5487554
0.5874001
0.6081799
0.5863309
0.5808555
0.6021059
0.5833856
0.6181239
0.5996526
0.5831826
0.5629364
0.5882933
0.6226128
0.5558522
0.5513331
0.5721697
0.6007084
0.5450079
0.5669227
0.547241
0.5699068
0.5549425
0.5410419
0.5268355
0.551203
0.563375
0.516583
0.5073889
0.5222725
0.5394861
0.5324923
0.517867
0.504895
0.5245867
0.5450463
0.5215133
0.5141222
0.526718
0.5829067
0.5633745
0.5233908
0.5355811
0.552586
0.5380766
0.5245984
0.5431566
0.5630277
0.5441617
0.5357921
0.5191336
0.5337343
0.5493906
0.5362929
0.5260999
0.5065638
0.5293815
0.5423511
0.4979607
0.5167801
0.5288164
0.5462456
0.5332229
0.5166443
0.5268044
0.5409841
0.527433
0.516771
0.4994549
0.5183308
0.5310296
0.5183697
0.5072645
0.5160141
0.527409
0.5129233
0.5019348
0.4911817
0.5251783
0.5094845
0.5016482
0.4824138
0.4994797
0.5322397
0.5169781
0.5034037
0.5206037
0.5270667
0.517049
0.5034727
0.4853853
0.4978636
0.5058494
0.5225217
0.5043814
0.4954045
0.5033509
0.5150744
0.4978151
0.4853454
0.4943035
0.5070109
0.49186
0.4783506
0.4877577
0.4973496
0.4830885
0.4709877
0.4557749
0.4834652
0.4970627
0.4816084
0.4683806
0.4775915
0.4627425
0.4511513
0.4403957
0.4479919
0.4519293
0.4422475
0.426894
0.4389005
0.4454101
0.4299468
0.4389216
0.408301
0.4128764
0.4394574
0.4247319
0.4135796
0.4042195
0.4253581
0.4162455
0.4012918
0.3931798
0.3956851
0.4020319
0.4104239
0.3951834
0.3862396
0.3924349
0.3968326
0.384015
0.3725395
0.3956231
0.4010128
0.3890294
0.3783444
0.3633806
0.3674526
0.3742347
0.362147
0.3670805
0.3694196
0.376238
0.3804541
0.3525331
0.3590398
0.3778158
0.3656124
0.3538032
0.3423754
0.3627624
0.3659508
0.3550152
0.3452644
0.3508025
0.3530378
0.342488
0.346326
0.3359768
0.3389297
0.3574733
0.3450629
0.3330835
0.3537223
0.3559762
0.3436179
0.3333496
0.3378908
0.3400439
0.3438545
0.3169572
0.3059535
0.3234323
0.3270567
0.3164928
0.3070351
0.3245757
0.3117384
0.3167387
0.304977
0.2936521
0.2955232
0.2988349
0.2884603
0.2909955
0.2949598
0.2954135
0.2865857
0.2766364
0.2783991
0.2801731
0.2846671
0.2720322
0.2632456
0.2668318
0.2685321
0.2708922
0.2608329
0.2618646
0.2629003
0.2652109
0.2438244
0.2465567
0.2475319
0.2503057
0.2519007
0.2431555
0.2458803
0.2456642
0.2501985
0.2396982
0.2302179
0.2439265
0.2336894
0.2250117
0.2161123
0.2284585
0.2304665
0.2207943
0.2109944
0.2240683
0.2152062
0.2165775
0.2179576
0.2088103
0.2106456
0.2114787
0.2128263
0.2044088
0.2052173
0.2159491
0.2068862
0.1987037
0.1994896
0.2118505
0.2121764
0.2042975
0.1942422
0.1968884
0.197667
0.1994044
0.1799508
0.1806625
0.181377
0.1829712
0.1739656
0.167926
0.1669667
0.1692413
0.1592752
0.1522058
0.1631084
0.1637536
0.1549022
0.1562636
0.1478172
0.1584054
0.1597977
0.1511602
0.1524887
0.1530918
0.1544374
0.14385
0.1360745
0.138586
0.1384642
0.1390119
0.1314979
0.1313823
0.1338073
0.1343365
0.1251271
0.1183636
0.1188317
0.1279182
0.1216222
0.1126965
0.113687
0.1146862
0.1151398
0.107803
0.09937038
0.1002438
0.1108163
0.110719
0.1111569
0.1024619
0.1112872
0.1122653
0.09697139
0.09594864
0.09771957
0.09763369
0.08999653
0.08208667
0.08360175
0.08352828
0.08506996
0.08499519
0.07834664
0.07752033
0.07970057
0.07885998
0.07192893
0.07186572
0.07249735
0.07313453
0.06670669
0.06664807
0.06787819
0.06781853
0.06054658
0.06166409
0.06220606
0.0627528
0.06330433
0.05590441
0.05693624
0.0568862
0.05683621
0.05019237
0.05063351
0.05009948
0.0592583
0.05175842
0.04520774
0.04560507
0.04512408
0.04464816
0.0459039
0.03920659
0.04561596
0.0468989
0.04005642
0.04040848
0.0399823
0.04110681
0.0414681
0.03461615
0.03625906
0.03657774
0.03689923
0.03651006
0.0311833
0.03085441
0.03112559
0.032001
0.02547579
0.0252071
0.02591605
0.02614383
0.01980191
0.02035883
0.02014411
0.01993165
